18
460305632946475974913289730008650724589274111744942847887625709814486715061925402183981910630305243949549859833815445248241405116508941501309518517980434947055657314482912443773
19401589591466840082804248055713147032523127250367763553142164271488650419571061242614570539217540921408037631723268205887068103388029137800904775748052141062285922
11463113765491467695340528626429782121
81055900096023504197206408605
6154224095958732012333665477892067256746331909998525312140891065916653824402969753281084467433624713686221488640308794432792
23041483585524168262220906489642018075101617466780496790573690289968
12954728094771874910794011976124150759076622145360755595448190897197286916346990078682261389264946714250768264226751288380085720045846524926713426099379088684606226954799801010042375922402
218922995834555169026
184551825793033096366333
46368
70411399558423479787498867358975911087747238266614004739546108921832817803452035228895708644544982403856194431208467
30960598847965113057878492344
14913169640232740127827512057302148063648650711209401966150219926546779697987984279570098768737999681
610
14930352
20038668997554240570909178165665757608500558774338041350112205
57602132235424755886206198685365216
2873442049110331124686847975839596483580184681281842823699466692000268066325404550898791458706068536914736664630537864515125212890415097163803163111745199726085365108928922860513125724085616811718834581485